0,12345678,25d55ad283aa400af464c76d713c07ad,25552834
1,25552834,49fb0035549c59b3213d2affdf524ef0,49003554
2,49003554,5a8a25c1490f5b4f48a0dcde7686d028,58251490
3,58251490,28eb798f0e779a90e53cc9082f2413a6,28798077
4,28798077,04c78b54af38437cc951adafec4c1da7,04785438
5,04785438,51f6280b562965db147892f43fef6480,51628056
6,51628056,b4ba815e60d791c389780e6cc8582c9d,48156079
7,48156079,9b15ab80d295399a168d27136741b468,91580295
8,91580295,df474d15ab8e305f30e65e5926d7b270,47415830
9,47415830,6fd26c8436e6fbb8ae84bb655155989f,62684366
10,62684366,9b651ecb6a173e2591dc87c2139048d5,96516173
11,96516173,419d12cd0cbc932e21484a3122a9c19a,41912093
12,41912093,c2e232f732d64a989c93644cf24058de,22327326
13,22327326,c294ef555ad36b5a2352f0e7f55687e3,29455536
14,29455536,8cdee9409938b5c6194ffd457c0b069e,89409938
15,89409938,6542a9e16b52d61c3a1c08fc1694cead,65429165
16,65429165,a65203343eb4d48520dc4b945f70aa23,65203343
17,65203343,dcb6e421398149b95a024de987d335f0,64213981
18,64213981,6cfb25274a1d7f6f3db1827fab3a6c23,62527417
19,62527417,0c93c58bae27a28043ed33f158da621a,09358272
20,09358272,5491f3c718def18beeeaaa470c3a6e3c,54913718
21,54913718,4ff99d595c439a4743449857027fd8a0,49959543
22,49959543,0d487a678cf5cb8dcf97d2a7a811c4fb,04876785
23,04876785,6f0685d6e62b95ae8a4459955b337ed9,60685662
24,60685662,7322e4c4b399532ab5dd5a00764c873c,73224439
25,73224439,3855b4a14caea737398ef25b774e70ff,38554147
26,38554147,05083654d212dc787f295f4f3171cead,05083654
27,05083654,0d0ac632a3e3c998d12e90cd7ede2635,00632339
28,00632339,f3c8e1eb5adef88175e803417d5234de,38158817
29,38158817,693dba151da7001c0d9fa7bd8583fce9,69315170
30,69315170,9486f5148e77c4a784aa88764698755d,94865148
31,94865148,0e60808a5f62efc7d8921ae7e6478439,06080856
32,06080856,4f61a4d7b200066546d584e7be002a45,46147200
33,46147200,de7f7cf6c62a528e813fcf460f80ab65,77662528
34,77662528,3f884126fca8acbfaefc56992a90f8c4,38841268
35,38841268,c74d59af41b0715c0b596380db0d5581,74594107
36,74594107,1c85db5563bd91048177a5f7d7dcf778,18555639
37,18555639,15fe43d475325c04baf099f7a3c4fdd0,15434753
38,15434753,ca6bdb0d0f371ad4dce3187dcafe12d2,60037143
39,60037143,903e1c30cd13ffbb38100e8e14855922,90313013
40,90313013,427e4099b5a0910e95c88aff10348e51,42740995
41,42740995,b122e2a258ae15048ace62b0bceaad03,12222581
42,12222581,34eb49da92a999f5d694713d384bc948,34499299
43,34499299,53051216fe633066dcf142fa09ec3e53,53051216
44,53051216,7c8e729fcb2551432ecdaef57131208f,78729255
45,78729255,c973e2788d741f2ea8b9f2ee7c26f982,97327887
46,97327887,48d0737488b89e1b2a14058cbc84fb7d,48073748
47,48073748,a0e9a8f2163b8610316eff861b0f85c1,09821638
48,09821638,62e96ccbfb8ae27f10ed3dbf8acec02f,62968271
49,62968271,9f8a1307587083e33e212fcd2c3061da,98130758
50,98130758,7e08a17a39bb348ab1090671460c4ee5,70817393
51,70817393,adcf938d50d2bcc2c0df1a9d0b5072c5,93850220
52,93850220,a43e125f81089c55ce5ec1ffa1187782,43125810
53,43125810,9d6a8ac42811dc16d6c1f6b587caa173,96842811
54,96842811,8a6d6c65db2f7135f7c4f53eb7e6b994,86665271
55,86665271,7bf964d4a861e3f5583914aac27c7564,79644861
56,79644861,909d4381bf908edcffaceb7de90d78cf,90943819
57,90943819,ef709364e606162d9b261240ac481c69,70936460
58,70936460,3c10c9bddd8a332e519875ce6a08347d,31098332
59,31098332,70e9b431e037926b13fffeab4e261b37,70943103
60,70943103,f839307f16c814fe250f9c7049e57fce,83930716
61,83930716,f5f892a9674c901aacc121d1da084689,58929674
62,58929674,1dec1d8140b2b31a2849449f2b52b1d0,11814023
63,11814023,d8e15a59e283b19fdbb30e938681f6a6,81559283
64,81559283,c35e2542327e8973589ca642f0cf26d5,35254232
65,35254232,1ee6f5d2884c95b5d3aaa6900f716ed0,16528849
66,16528849,6841903ca33be2517f7af06b0e2ceed2,68419033
67,68419033,e86253d97bf4c5929203e89ddbbb5cb8,86253974
68,86253974,5762e523b05e16194d8d4ff41218928b,57625230
69,57625230,29781af1dcb037803ef604373264a21a,29781103
70,29781103,350f4438556b7b6c6bb70acc4e066e65,35044385
71,35044385,7e2ffdac0e21964068747d366aa08959,72021964
72,72021964,d6ccfccce5c6ab2b572b901ec1ab6b1b,65625729
73,65625729,a41b460f5cf7b395f50edd748b6d0c9d,41460573
74,41460573,b0cd086496c0993e57d280f4f333d5b4,00864960
75,00864960,76da0832d5e05ea18dece26602ace9ab,76083250
76,76083250,814b09049bf8115c5b6f9d34e21f2c40,81409049
77,81409049,6f3d367fc6e91a7acd24ce1afb39184c,63367691
78,63367691,fdbc51b34f10e54e8a8ff89fbf4a45d3,51341054
79,51341054,84253c4da5a9de41ab5b4721d12ef528,84253459
80,84253459,b272c4590edc3f30bdf7a229db2b19b2,27245903
81,27245903,4cf5f6978a0ee917ad78189af5776726,45697809
82,45697809,b67944c7d8062cbc13519ad20e93b672,67944780
83,67944780,03a64e8889cfdf9eb2079ad8ab0e0a3b,03648889
84,03648889,1cf945f6a09885b2873fa127a17dfd81,19456098
85,19456098,244ba06a55c92cfcc54131bafd2f8262,24406559
86,24406559,68397d38ef7db87ef291766919e9cdac,68397387
87,68397387,a3a69d9c2dbed919a80d46e861d48cc7,36992919
88,36992919,4ae660efce85506b6a232785d7f1e102,46608550
89,46608550,f9895afd5bbcc1d12c3c04f294e925e5,98955112
90,98955112,62fc4ed4d0fa285c4aaec689580175b1,62440285
91,62440285,965a774f238e900c155f73c3d442e6d7,96577423
92,96577423,8b787a3f6ceba759aaef10cf9719c1aa,87873675
93,87873675,45b38402df4868077e3c3aa1911dad53,45384024
94,45384024,2b8f0392ce7d4026035894873210fac8,28039274
95,28039274,464c50e8e1c1504a5755de35babc01ae,46450811
96,46450811,c32e62ce51d3afdacca36c49736c6e7b,32625133
97,32625133,c6a88464d44f5fbbe23c995cde3d6dc2,68846444
98,68846444,99b2d7f8dfd83273e7f168ab75d89570,99278832
99,99278832,aabae6371fbe3dd4a15aebb267f44615,63713415
0,12345678,25d55ad283aa400af464c76d713c07ad,25552834
1,25552834,49fb0035549c59b3213d2affdf524ef0,49003554
2,49003554,5a8a25c1490f5b4f48a0dcde7686d028,58251490
3,58251490,28eb798f0e779a90e53cc9082f2413a6,28798077
4,28798077,04c78b54af38437cc951adafec4c1da7,04785438
5,04785438,51f6280b562965db147892f43fef6480,51628056
6,51628056,b4ba815e60d791c389780e6cc8582c9d,48156079
7,48156079,9b15ab80d295399a168d27136741b468,91580295
8,91580295,df474d15ab8e305f30e65e5926d7b270,47415830
9,47415830,6fd26c8436e6fbb8ae84bb655155989f,62684366
0,12345678,25d55ad283aa400af464c76d713c07ad,25552834
1,25552834,49fb0035549c59b3213d2affdf524ef0,49003554
2,49003554,5a8a25c1490f5b4f48a0dcde7686d028,58251490
3,58251490,28eb798f0e779a90e53cc9082f2413a6,28798077
4,28798077,04c78b54af38437cc951adafec4c1da7,04785438
5,04785438,51f6280b562965db147892f43fef6480,51628056
6,51628056,b4ba815e60d791c389780e6cc8582c9d,48156079
7,48156079,9b15ab80d295399a168d27136741b468,91580295
8,91580295,df474d15ab8e305f30e65e5926d7b270,47415830
9,47415830,6fd26c8436e6fbb8ae84bb655155989f,62684366
0,12345678,25d55ad283aa400af464c76d713c07ad,25552834
1,25552834,49fb0035549c59b3213d2affdf524ef0,49003554
2,49003554,5a8a25c1490f5b4f48a0dcde7686d028,58251490
3,58251490,28eb798f0e779a90e53cc9082f2413a6,28798077
4,28798077,04c78b54af38437cc951adafec4c1da7,04785438
5,04785438,51f6280b562965db147892f43fef6480,51628056
6,51628056,b4ba815e60d791c389780e6cc8582c9d,48156079
7,48156079,9b15ab80d295399a168d27136741b468,91580295
8,91580295,df474d15ab8e305f30e65e5926d7b270,47415830
9,47415830,6fd26c8436e6fbb8ae84bb655155989f,62684366
0,12345678,25d55ad283aa400af464c76d713c07ad,25552834
1,25552834,49fb0035549c59b3213d2affdf524ef0,49003554
2,49003554,5a8a25c1490f5b4f48a0dcde7686d028,58251490
3,58251490,28eb798f0e779a90e53cc9082f2413a6,28798077
4,28798077,04c78b54af38437cc951adafec4c1da7,04785438
5,04785438,51f6280b562965db147892f43fef6480,51628056
6,51628056,b4ba815e60d791c389780e6cc8582c9d,48156079
7,48156079,9b15ab80d295399a168d27136741b468,91580295
8,91580295,df474d15ab8e305f30e65e5926d7b270,47415830
9,47415830,6fd26c8436e6fbb8ae84bb655155989f,62684366
0,12345678,25d55ad283aa400af464c76d713c07ad,25552834
1,25552834,49fb0035549c59b3213d2affdf524ef0,49003554
2,49003554,5a8a25c1490f5b4f48a0dcde7686d028,58251490
3,58251490,28eb798f0e779a90e53cc9082f2413a6,28798077
4,28798077,04c78b54af38437cc951adafec4c1da7,04785438
5,04785438,51f6280b562965db147892f43fef6480,51628056
6,51628056,b4ba815e60d791c389780e6cc8582c9d,48156079
7,48156079,9b15ab80d295399a168d27136741b468,91580295
8,91580295,df474d15ab8e305f30e65e5926d7b270,47415830
9,47415830,6fd26c8436e6fbb8ae84bb655155989f,62684366
